# EXP-5: 动态策略热更新效果验证
# 初始配额: 5 QP
# 更新后配额: 10 QP
# 更新时机: 第7次尝试
# 创建间隔: 500 ms

# 原始数据
ATTEMPT_ID,TIMESTAMP_MS,SUCCESS,LATENCY_US
1,0.005,1,26149.171
2,526.227,1,603.862
3,1026.890,1,727.363
4,1527.700,1,576.869
5,2028.345,1,686.561
6,2529.101,0,21.154
7,3029.193,1,746.386
8,3529.999,1,701.633
9,4030.771,1,681.035
10,4531.520,1,666.549
11,5032.254,1,949.429
12,5533.271,0,19.532
13,6033.358,0,19.087
14,6533.445,0,25.866
15,7033.541,0,19.417
16,7533.628,0,20.443
17,8033.716,0,18.372
18,8533.801,0,19.383
19,9033.887,0,18.568
20,9533.973,0,19.242

# 统计汇总
TOTAL_ATTEMPTS: 20
TOTAL_SUCCESS: 10
TOTAL_FAILED: 10
SUCCESS_RATE: 50.0%

# 热更新前后对比
BEFORE_UPDATE_ATTEMPTS: 6
BEFORE_UPDATE_SUCCESS: 5
AFTER_UPDATE_ATTEMPTS: 14
AFTER_UPDATE_SUCCESS: 5
